49
-16 4 5
-13 10 5
-10 13 5
-4 16 5
4 16 5
10 13 5
13 10 5
16 4 5
16 -4 5
13 -10 5
10 -13 5
4 -16 5
-4 -16 5
-10 -13 5
-13 -10 5
-16 -4 5
-11 2 0
-9 6 0
-6 9 0
-2 11 0
2 11 0
6 9 0
9 6 0
11 2 0
11 -2 0
9 -6 0
6 -9 0
2 -11 0
-2 -11 0
-6 -9 0
-9 -6 0
-11 -2 0
0 0 -10
-11 2 10
-9 6 10
-6 9 10
-2 11 10
2 11 10
6 9 10
9 6 10
11 2 10
11 -2 10
9 -6 10
6 -9 10
2 -11 10
-2 -11 10
-6 -9 10
-9 -6 10
-11 -2 10
122
0 1
1 2
2 3
3 4
4 5
5 6
6 7
7 8
8 9
9 10
10 11
11 12
12 13
13 14
14 15
15 0
16 17
17 18
18 19
19 20
20 21
21 22
22 23
23 24
24 25
25 26
26 27
27 28
28 29
29 30
30 31
31 16
16 32
17 32
18 32
19 32
20 32
21 32
22 32
23 32
24 32
25 32
26 32
27 32
28 32
29 32
30 32
31 32
33 34
34 35
35 36
36 37
37 38
38 39
39 40
40 41
41 42
42 43
43 44
44 45
45 46
46 47
47 48
48 33
0 17
17 2
2 19
19 4
4 21
21 6
6 23
23 8
8 25
25 10
10 27
27 12
12 29
29 14
14 31
32 0
0 34
34 2
2 36
36 4
4 38
38 6
6 40
40 8
8 42
42 10
10 44
44 12
12 46
46 14
14 48
48 16
32 36
33 37
34 38
35 39
36 40
37 41
38 42
39 43
40 44
41 45
42 46
43 47
44 48
45 32
46 33
47 34
48 35
32 40
33 41
34 42
35 43
36 44
37 45
38 46
39 47
40 48