37
-16 -16 -2
-16 16 -2
16 16 -2
16 -16 -2
-16 4 0
-13 10 0
-10 13 0
-4 16 0
4 16 0
10 13 0
13 10 0
16 4 0
16 -4 0
13 -10 0
10 -13 0
4 -16 0
-4 -16 0
-10 -13 0
-13 -10 0
-16 -4 0
-11 2 3
-9 6 3
-6 9 3
-2 11 3
2 11 3
6 9 3
9 6 3
11 2 3
11 -2 3
9 -6 3
6 -9 3
2 -11 3
-2 -11 3
-6 -9 3
-9 -6 3
-11 -2 3
0 0 40
84
0 1
1 2
2 3
3 0
4 5
5 6
6 7
7 8
8 9
9 10
10 11
11 12
12 13
13 14
14 15
15 16
16 17
17 18
18 19
19 4
20 21
21 22
22 23
23 24
24 25
25 26
26 27
27 28
28 29
29 30
30 31
31 32
32 33
33 34
34 35
35 20
20 36
21 36
22 36
23 36
24 36
25 36
26 36
27 36
28 36
29 36
30 36
31 36
32 36
33 36
34 36
35 36
1 4
1 5
1 6
1 7
2 8 
2 9
2 10
2 11
3 12
3 13
3 14
3 15
0 16
0 17
0 18
0 19
4 20
5 21
6 22
7 23
8 24
9 25
10 26
11 27
12 28
13 29
14 30
15 31
16 32
17 33
18 34
19 35