36
0 0 -11
-9 0 -2
-10 0 0
-10 0 3
-9 0 5
-8 0 6
-6 0 7
-3 0 7
0 0 4
3 0 7
6 0 7
8 0 6
9 0 5
10 0 3
10 0 0
9 0 -2
0 3 -6
-6 3 0
-6 3 2
-4 3 4
-2 3 4
0 3 2
2 3 4
4 3 4
6 3 2
6 3 0
0 -3 -6
-6 -3 0
-6 -3 2
-4 -3 4
-2 -3 4
0 -3 2
2 -3 4
4 -3 4
6 -3 2
6 -3 0
78
0 1
1 2
2 3
3 4
4 5
5 6
6 7
7 8
8 9
9 10
10 11
11 12
12 13
13 14
14 15
15 0
16 17
17 18
18 19
19 20
20 21
21 22
22 23
23 24
24 25
25 16
26 27
27 28
28 29
29 30
30 31
31 32
32 33
33 34
34 35
35 26
0 16
0 26
1 16
1 26
1 17
1 27
2 17
2 27
3 18
3 28
4 18
4 28
5 19
5 29
6 19
6 29
7 19
7 29
7 20
7 30
8 20
8 30
8 21
8 31
8 22
8 32
9 22
9 32
9 23
9 33
10 23
10 33
11 23
11 33
12 24
12 34
13 24
13 34
14 25
14 35
15 16
15 26