48
-16 4 0
-13 10 0
-10 13 0
-4 16 0
4 16 0
10 13 0
13 10 0
16 4 0
16 -4 0
13 -10 0
10 -13 0
4 -16 0
-4 -16 0
-10 -13 0
-13 -10 0
-16 -4 0
-11 2 40
-9 6 40
-6 9 40
-2 11 40
2 11 40
6 9 40
9 6 40
11 2 40
11 -2 40
9 -6 40
6 -9 40
2 -11 40
-2 -11 40
-6 -9 40
-9 -6 40
-11 -2 40
-11 2 -3
-9 6 -3
-6 9 -3
-2 11 -3
2 11 -3
6 9 -3
9 6 -3
11 2 -3
11 -2 -3
9 -6 -3
6 -9 -3
2 -11 -3
-2 -11 -3
-6 -9 -3
-9 -6 -3
-11 -2 -3
88
0 1
1 2
2 3
3 4
4 5
5 6
6 7
7 8
8 9
9 10
10 11
11 12
12 13
13 14
14 15
15 0
16 17
17 18
18 19
19 20
20 21
21 22
22 23
23 24
24 25
25 26
26 27
27 28
28 29
29 30
30 31
31 16
0 20
1 21
2 22
3 23
4 24
5 25
6 26
7 27
8 28
9 29
10 30
11 31
12 16
13 17
14 18
15 19
32 40
33 41
34 42
35 43
36 44
37 45
38 46
39 47
32 33
33 34
34 35
35 36
36 37
37 38
38 39
39 40
40 41
41 42
42 43
43 44
44 45
45 46
46 47
47 32
0 33
1 34
2 35
3 36
4 37
5 38
6 39
7 40
8 41
9 42
10 43
11 44
12 45
13 46
14 47
15 32